0
2394
1969
1750
1607
1501
1418
1350
1293
1244
1201
1162
1127
1096
1067
1041
1016
993
972
952
933
915
898
881
866
851
837
824
811
798
786
775
763
752
742
732
722
712
703
694
685
676
668
660
652
644
636
628
621
614
607
600
593
586
580
573
567
561
555
548
543
537
531
525
520
514
509
503
498
493
487
482
477
472
467
462
458
453
448
443
439
434
430
425
421
416
412
407
403
399
394
390
386
382
378
374
370
366
362
358
354
350
346
342
338
334
330
326
323
319
315
311
308
304
300
297
293
289
286
282
278
275
271
268
264
261
257
254
250
246
243
239
236
233
229
226
222
219
215
212
208
205
201
198
194
191
188
184
181
177
174
170
167
164
160
157
153
150
146
143
139
136
132
129
125
122
118
115
111
108
104
101
97
93
90
86
83
79
75
72
68
64
60
57
53
49
45
41
37
34
30
26
22
18
14
10
5
1
-3
-7
-11
-16
-20
-24
-29
-33
-38
-42
-47
-52
-57
-61
-66
-71
-76
-81
-87
-92
-97
-103
-108
-114
-120
-126
-132
-138
-144
-151
-157
-164
-171
-178
-186
-194
-201
-210
-218
-227
-236
-246
-256
-267
-278
-290
-302
-316
-330
-346
-364
-383
-405
-430
-460
-498
-548
-629
